 1	   0   ALS  HHZ  BB 01   10   3    2000 100     0.939 3.0 0.4 0.015 10.0 0.9961 800000.0 	0.00002		
 1	   1   ALS  HSZ  ST 01   10   3     400 100     0.835 3.0 0.8 0.010 8.0 0.9961 800000.0      0.00002
 1	   2   ALS  HLZ  ST 01   10   3    1000 100     0.939 3.0 0.4 0.015 8.0 0.9961 800000.0      0.00002
 1	   3   ANP  HLZ  ST 01   10   3     500 100     0.939 3.0 0.4 0.015 5.0 0.9961 2000000.0     0.00002
 1	   4  CHGB  HHZ  BS 01   10   3    1500 100     0.939 3.0 0.4 0.015 8.0 0.9961 800000.0      0.00002
 1	   5   CHK  HHZ  BB 02   10   3    1000 100     0.839 3.0 0.8 0.008 5.0 0.9961 2000000.0     0.00002
 1	   6   CHK  HLZ  BB 02   10   3     500 100     0.939 3.0 0.4 0.015 5.0 0.9961 2000000.0     0.00002
 1	   7   CHK  HHZ  BB 01   10   3    1900 100     0.939 3.0 0.4 0.015 9.0 0.9961 800000.0      0.00002
 0	   8   CHK  HLZ  ST 01   10   3     100 100     0.939 3.0 0.4 0.015 8.0 0.9961 800000.0      0.00002
 1	   9  CHN1  HLZ  ST 01   10   3     200 100     0.739 3.0 0.8 0.010 9.0 0.9961 800000.0      0.00002
 1	  10  CHN1  HSZ  ST 01   10   3    2000 100     0.985 3.0 0.4 0.015 6.0 0.9961 800000.0      0.00002
 1	  11  CHN2  HLZ  ST 01   10   3     600 100     0.539 3.0 0.8 0.005 6.0 0.9961 800000.0      0.00002
 1	  12  CHN2  HSZ  ST 01   10   3    3600 100     0.985 3.0 0.4 0.015 10.0 0.9961 800000.0     0.00002
 1	  13  CHN3  HLZ  ST 01   10   3    1500 100     0.939 3.0 0.4 0.015 10.0 0.9961 800000.0     0.00002
 0	  14  CHN3  HSZ  ST 01   10   3     500 100     0.985 3.0 0.4 0.015 8.0 0.9961 800000.0      0.00002
 0	  15  CHN4  HSZ  ST 01   10   3     200 100     0.639 3.0 0.8 0.004 4.0 0.9961 800000.0      0.00002
 1	  16  CHN4  HLZ  ST 01   10   3     200 100     0.839 3.0 0.8 0.010 8.0 0.9961 2000000.0     0.00002
 1	  17  CHN5  HSZ  ST 01   10   3      50 100     0.535 3.0 0.8 0.003 4.0 0.9961 800000.0      0.00002
 0	  18  CHN5  HLZ  ST 01   10   3      50 100     0.839 3.0 0.6 0.015 10.0 0.9961 800000.0     0.00002
 0	  19  CHN8  HLZ  ST 01   10   3    6000 100     0.939 3.0 0.4 0.015 18.0 0.9961 800000.0     0.00002
 0	  20  CHN8  HSZ  ST 01   10   3    3000 100     0.985 3.0 0.4 0.015 7.0 0.9961 800000.0      0.00002
 0	  21   CHY  HLZ  BH 01   10   3     500 100     0.939 3.0 0.4 0.015 5.0 0.9961 2000000.0     0.00002
 1	  22   CHY  HLZ  BH 02   10   3     100 100     0.939 3.0 0.4 0.015 8.0 0.9961 800000.0      0.00002
 1	  23   CHY  HHZ  BH 02   10   3    2000 100     0.839 3.0 0.8 0.005 5.0 0.9961 800000.0      0.00002
 1	  24   CHY  HLZ  ST 01   10   3   10000 100     0.939 3.0 0.6 0.015 9.0 0.9961 800000.0      0.00002
 1	  25  DPDB  HHZ  BB 01   10   3    5000 100     0.939 3.0 0.4 0.015 10.0 0.9961 800000.0     0.00002
 0	  26   EAS  HSZ  ST 01   10   3     900 100     0.935 3.0 0.8 0.010 6.5 0.9961 800000.0      0.00002
 1	  27   EAS  HLZ  ST 01   10   3     900 100     0.839 3.0 0.8 0.005 6.5 0.9961 800000.0      0.00002
 0	  28   EAS  HHZ  BB 01   10   3     100 100     0.939 3.0 0.9 0.008 8.5 0.9961 2000000.0     0.00002
 1	  29   ECL  HSZ  ST 01   10   3     100 100     0.939 3.0 0.4 0.015 6.0 0.9961 2000000.0     0.00002
 0	  30   ECL  HLZ  BH 01   10   3     500 100     0.939 3.0 0.4 0.015 5.0 0.9961 2000000.0     0.00002
 0	  31   ECL  HHZ  BH 02   10   3    1000 100     0.939 3.0 0.4 0.015 6.0 0.9961 2000000.0     0.00002
 1	  32   ECL  HLZ  ST 01   10   3     500 100     0.939 3.0 0.8 0.010 7.0 0.9961 800000.0      0.00002
 1	  33   ECL  HLZ  BH 02   10   3     300 100     0.939 3.0 0.4 0.015 5.0 0.9961 2000000.0     0.00002
 1	  34  EGFH  HHZ  BH 02   10   3    3000 100     0.985 3.0 0.4 0.020 7.0 0.9961 800000.0      0.00002
 1	  35  EGFH  HLZ  BH 02   10   3     200 100     0.939 3.0 0.6 0.015 5.0 0.9961 2000000.0     0.00002
 0	  36  EGFH  HLZ  BH 01   10   3     500 100     0.939 3.0 0.4 0.015 5.0 0.9961 2000000.0     0.00002
 1	  37   EGS  HLZ  ST 01   10   3   16000 100     0.939 3.0 0.4 0.015 7.0 0.9961 800000.0      0.00002
 1	  38   EGS  HSZ  ST 01   10   3    1600 100     0.985 3.0 0.4 0.015 10.0 0.9961 800000.0     0.00002
 1	  39   EHY  HLZ  ST 01   10   3     500 100     0.939 3.0 0.4 0.015 10.0 0.9961 2000000.0    0.00002
 0	  40   EHY  HSZ  ST 01   10   3     300 100     0.939 3.0 0.4 0.015 10.0 0.9961 2000000.0    0.00002
 1	  41   ELD  HHZ  BB 01   10   3    1200 100     0.739 3.0 0.8 0.010 9.5 0.9961 800000.0      0.00002
 0	  42   ELD  HLZ  ST 01   10   3     500 100     0.939 3.0 0.4 0.015 9.0 0.9961 2000000.0     0.00002
 0	  43   ELD  HSZ  ST 01   10   3    3000 100     0.739 3.0 0.8 0.004 7.0 0.9961 2000000.0     0.00002
 1	  44   ENA  HSZ  ST 01   10   3    1200 100     0.939 3.0 0.6 0.010 8.5 0.9961 800000.0      0.00002
 1	  45   ENA  HLZ  ST 01   10   3     100 100     0.939 3.0 0.8 0.010 6.0 0.9961 800000.0      0.009
 1	  46  ENAH  HLZ  BH 02   10   3     100 100     0.939 3.0 0.4 0.015 6.0 0.9961 800000.0      0.00002
 1	  47  ENAH  HLZ  BH 01   10   3     100 100     0.939 3.0 0.8 0.015 5.0 0.9961 2000000.0     0.00002
 1	  48  ENAH  HHZ  BH 02   10   3     500 100     0.939 3.0 0.4 0.015 6.0 0.9961 800000.0      0.00002
 1	  49  ENLB  HHZ  BB 01   10   3    5500 100     0.935 3.0 0.6 0.010 9.5 0.9961 800000.0      0.00002
 1	  50   ENT  HLZ  ST 01   10   3     200 100     0.939 3.0 0.4 0.015 10.0 0.9961 800000.0     0.00002
 1	  51   ENT  HSZ  ST 01   10   3     400 100     0.985 3.0 0.4 0.015 9.0 0.9961 800000.0      0.00002
 1	  52  EOS1  HLZ  OS 03   10   3      50 100     0.839 3.0 0.8 0.015 7.0 0.9961 800000.0      0.00002
 1	  54  EOS1  HHZ  OS 03   10   3      80 100     0.739 3.0 0.8 0.010 6.0 0.9961 800000.0      0.00002
 0	  55   ESL  HSZ  ST 01   10   3     300 100     0.689 3.0 0.8 0.005 4.0 0.9961 800000.0      0.00002
 1	  56   ESL  HLZ  ST 01   10   3      50 100     0.939 3.0 0.8 0.010 5.0 0.9961 800000.0      0.00002
 1	  57   ESL  HHZ  BB 01   10   3    3000 100     0.939 3.0 0.4 0.015 9.0 0.9961 2000000.0     0.00002
 1	  58  ETLH  HLZ  BH 01   10   3     100 100     0.939 3.0 0.4 0.015 5.0 0.9961 2000000.0     0.00002
 0	  59  ETLH  HLZ  BH 02   10   3     400 100     0.739 3.0 0.6 0.010 5.0 0.9961 2000000.0     0.00002
 1	  60  ETLH  HHZ  BH 02   10   3     500 100     0.939 3.0 0.4 0.015 5.0 0.9961 2000000.0     0.00002
 0	  61  FULB  HHZ  BB 01   10   3    5500 100     0.939 3.0 0.4 0.015 8.0 0.9961 800000.0      0.00002
 0	  62  FULB  HLZ  BB 01   10   3     500 100     0.939 3.0 0.4 0.015 5.0 0.9961 2000000.0     0.00002
 1	  63   HEN  HLZ  ST 01   10   3    1000 100     0.939 3.0 0.8 0.015 9.5 0.9961 800000.0      0.00002
 1	  64   HEN  HSZ  ST 02   10   3    2500 100     0.735 3.0 0.6 0.015 6.0 0.9961 800000.0      0.00002
 1	  65  HGSD  HHZ  BS 02   10   3     300 100     0.735 3.0 0.8 0.008 8.0 0.9961 800000.0      0.00002
 1	  66   HSN  HLZ  BB 02   10   3     500 100     0.939 3.0 0.4 0.015 5.0 0.9961 2000000.0     0.00002
 1	  67   HSN  HHZ  BB 02   10   3     500 100     0.939 3.0 0.4 0.015 5.0 0.9961 2000000.0     0.00002
 1	  68   HSN  HHZ  BB 01   10   3  550000 100     0.939 3.0 0.4 0.015 9.0 0.9961 800000.0      0.00002
 0	  69   HSN  HLZ  ST 01   10   3     200 100     0.939 3.0 0.4 0.015 5.0 0.9961 2000000.0     0.00002
 1	  70   HWA  HHZ  BH 02   10   3     500 100     0.939 3.0 0.4 0.015 9.0 0.9961 800000.0      0.00002
 0	  71   HWA  HSZ  ST 02   10   3   65000 100     0.939 3.0 0.4 0.015 5.0 0.9961 2000000.0     0.00002
 1	  72   HWA  HLZ  ST 01   10   3     900 100     0.835 3.0 0.8 0.010 6.0 0.9961 800000.0      0.00002
 0	  73   HWA  HLZ  BH 02   10   3     100 100     0.739 3.0 0.8 0.004 5.0 0.9961 2000000.0     0.00002
 0	  74   ILA  HSZ  ST 01   10   3    2000 100     0.985 3.0 0.3 0.015 10.0 0.9961 800000.0     0.00002
 0	  75   ILA  HLZ  ST 01   10   3    3000 100     0.939 3.0 0.4 0.015 10.0 0.9961 800000.0     0.00002
 1	  76   ILA  HLZ  BH 02   10   3     800 100     0.839 3.0 0.6 0.015 6.5 0.9961 800000.0      0.00002
 1	  77   ILA  HHZ  BH 02   10   3    2500 100     0.839 3.0 0.6 0.010 6.5 0.9961 800000.0      0.00002
 1	  78   JMJ  HSZ  JN 01   10   3     500 100     0.939 3.0 0.4 0.015 5.0 0.9961 2000000.0     0.00002
 1	  79   JOW  HHZ  JN 01   10   3     500 100     0.939 3.0 0.4 0.015 5.0 0.9961 2000000.0     0.00002
 0	  80   KAU  HLZ  ST 01   10   3  400000 100     0.939 3.0 0.4 0.015 6.0 0.9961 800000.0      0.00002
 0	  81   KAU  HSZ  ST 02   10   3    1000 100     0.939 3.0 0.4 0.015 9.0 0.9961 2000000.0     0.00002
 1	  82  KMNB  HHZ  BS 01   10   3    2000 100     0.939 3.0 0.4 0.015 9.0 0.9961 800000.0      0.00002
 0	  83   KNM  HSZ  ST 01   10   3     600 100     0.985 3.0 0.4 0.015 8.0 0.9961 800000.0      0.00002
 0	  84   KNM  HLZ  ST 01   10   3     500 100     0.839 3.0 0.8 0.005 6.0 0.9961 800000.0      0.00002
 1	  85   LAY  HHZ  BH 02   10   3     100 100     0.739 3.0 0.8 0.005 5.5 0.9961 800000.0      0.00002
 1	  86   LAY  HLZ  BH 02   10   3     100 100     0.939 3.0 0.6 0.008 6.0 0.9961 800000.0      0.00002
 0	  87   LAY  HLZ  ST 01   10   3     800 100     0.939 3.0 0.4 0.015 6.0 0.9961 800000.0      0.00002
 0	  88   LAY  HSZ  ST 01   10   3     400 100     0.985 3.0 0.5 0.015 10.0 0.9961 800000.0     0.00002
 1	  89   LAY  HHZ  BB 01   10   3     500 100     0.939 3.0 0.6 0.010 10.0 0.9961 2000000.0    0.00002
 1	  90  LIOB  HHZ  BB 01   10   3  120000 100     0.939 3.0 0.4 0.015 10.0 0.9961 800000.0     0.00002
 1	  91  MASB  HHZ  BS 01   10   3    2000 100     0.639 3.0 0.8 0.009 5.0 0.9961 800000.0      0.00002
 1	  92  MATB  HHZ  BS 01   10   3    8000 100     0.939 3.0 0.4 0.015 10.0 0.9961 800000.0     0.00002
 1	  93  NACB  HHZ  BS 01   10   3     800 100     0.539 3.0 0.8 0.002 6.0 0.9961 800000.0      0.00002
 1	  94  NANB  HHZ  BB 01   10   3    7000 100     0.939 3.0 0.4 0.015 9.0 0.9961 800000.0      0.00002
 1	  95   NCU  HSZ  ST 01   10   3    2000 100     0.985 3.0 0.4 0.015 12.0 0.9961 800000.0     0.00002
 1	  96   NCU  HLZ  ST 01   10   3   11000 100     0.939 3.0 0.4 0.015 8.0 0.9961 800000.0      0.00002
 1	  97  NCUH  HLZ  BH 02   10   3     500 100     0.939 3.0 0.4 0.015 5.0 0.9961 2000000.0     0.00002
 1	  98  NCUH  HHZ  BH 02   10   3    1000 100     0.889 3.0 0.4 0.010 8.0 0.9961 800000.0      0.00002
 0	  99  NCUH  HLZ  BH 01   10   3     500 100     0.939 3.0 0.4 0.015 5.0 0.9961 2000000.0     0.00002
 0	 100   NDT  HLZ  BH 01   10   3     500 100     0.939 3.0 0.4 0.015 5.0 0.9961 2000000.0     0.00002
 0	 101   NDT  HLZ  BH 02   10   3     100 100     0.539 3.0 0.8 0.005 5.0 0.9961 2000000.0     0.00002
 1	 102   NDT  HHZ  BH 02   10   3     100 100     0.939 3.0 0.4 0.015 5.0 0.9961 2000000.0     0.00002
 1	 103  NHDH  HHZ  BH 02   10   3     100 100     0.939 3.0 0.4 0.015 5.0 0.9961 2000000.0     0.00002
 1	 104  NHDH  HLZ  BH 02   10   3     100 100     0.839 3.0 0.6 0.015 5.0 0.9961 2000000.0     0.00002
 0	 105  NHDH  HLZ  BH 01   10   3     100 100     0.939 3.0 0.4 0.015 5.0 0.9961 2000000.0     0.00002
 0	 106  NMLH  HHZ  BH 02   10   3     100 100     0.939 3.0 0.4 0.015 8.0 0.9961 800000.0      0.00002
 0	 107  NMLH  HLZ  BH 02   10   3      30 100     0.939 3.0 0.4 0.015 6.0 0.9961 800000.0      0.00002
 0	 108  NMLH  HLZ  BH 01   10   3     500 100     0.939 3.0 0.4 0.015 5.0 0.9961 2000000.0     0.00002
 1	 109   NNS  HLZ  ST 01   10   3    8000 100     0.939 3.0 0.4 0.015 12.0 0.9961 800000.0     0.00002
 0	 110   NNS  HSZ  ST 01   10   3     500 100     0.985 3.0 0.4 0.015 10.0 0.9961 800000.0     0.00002
 0	 111  NNSB  HHZ  BS 01   10   3    3000 100     0.939 3.0 0.4 0.015 7.0 0.9961 800000.0      0.00002
 1	 112  NNSH  HLZ  BH 02   10   3   14000 100     0.939 3.0 0.4 0.015 6.0 0.9961 800000.0      0.00002
 1	 113  NNSH  HHZ  BH 02   10   3     100 100     0.839 3.0 0.9 0.005 4.0 0.9961 800000.0      0.00002
 0	 114  NNSH  HLZ  BH 01   10   3     500 100     0.939 3.0 0.4 0.015 5.0 0.9961 2000000.0     0.00002
 1	 115   NSK  HSZ  ST 01   10   3     100 100     0.889 3.0 0.6 0.010 9.0 0.9961 800000.0      0.00002
 0	 116   NSK  HLZ  ST 01   10   3   50000 100     0.939 3.0 0.4 0.015 8.0 0.9961 800000.0      0.00002
 0	 117   NST  HSZ  ST 01   10   3     900 100     0.939 3.0 0.4 0.015 5.0 0.9961 2000000.0     0.00002
 0	 118   NST  HLZ  ST 01   10   3     500 100     0.939 3.0 0.9 0.015 4.0 0.9961 800000.0      0.00002
 1	 119   NSY  HSZ  ST 01   10   3    1600 100     0.985 3.0 0.4 0.015 9.0 0.9961 800000.0      0.00002
 1	 120   NSY  HLZ  ST 01   10   3    2000 100     0.939 3.0 0.4 0.015 8.0 0.9961 800000.0      0.00002
 0	 121   NTC  HLZ  BH 02   10   3      50 100     0.739 3.0 0.6 0.010 6.5 0.9961 800000.0      0.00002
 0	 122   NTC  HLZ  BH 01   10   3     500 100     0.939 3.0 0.4 0.015 5.0 0.9961 2000000.0     0.00002
 1	 123   NTC  HHZ  BH 02   10   3     100 100     0.939 3.0 0.4 0.015 6.5 0.9961 800000.0      0.00002
 0	 124   NTS  HLZ  BH 01   10   3     500 100     0.939 3.0 0.4 0.015 5.0 0.9961 2000000.0     0.00002
 0	 125   NTS  HLZ  BH 02   10   3     500 100     0.939 3.0 0.4 0.015 5.0 0.9961 2000000.0     0.00002
 0	 126   NTS  HHZ  BH 02   10   3     500 100     0.939 3.0 0.4 0.015 5.0 0.9961 2000000.0     0.00002
 0	 127   NWF  HSZ  ST 01   10   3     500 100     0.939 3.0 0.8 0.009 8.0 0.9961 2000000.0     0.00002
 0	 128   NWF  HLZ  ST 01   10   3      50 100     0.939 3.0 0.8 0.009 6.0 0.9961 2000000.0     0.00002
 0	 129   NWL  HLZ  BH 01   10   3     500 100     0.939 3.0 0.4 0.015 5.0 0.9961 2000000.0     0.00002
 0	 130   NWL  HLZ  BH 02   10   3      50 100     0.609 3.0 0.8 0.005 4.0 0.9961 800000.0      0.00002
 1	 131   NWL  HHZ  BH 02   10   3     300 100     0.769 3.0 0.8 0.005 4.0 0.9961 800000.0      0.00002
 0	 132   OWD  HLZ  BH 02   10   3     500 100     0.539 3.0 0.8 0.005 4.0 0.9961 2000000.0     0.00002
 0	 133   OWD  HHZ  BH 02   10   3     500 100     0.939 3.0 0.4 0.015 5.0 0.9961 2000000.0     0.00002
 0	 134   OWD  HLZ  BH 01   10   3     500 100     0.939 3.0 0.4 0.015 5.0 0.9961 2000000.0     0.00002
 1	 135   PCY  HSZ  ST 01   10   3    1500 100     0.985 3.0 0.4 0.015 6.0 0.9961 800000.0      0.00002
 1	 136   PCY  HLZ  ST 01   10   3     400 100     0.939 3.0 0.4 0.015 5.0 0.9961 2000000.0     0.00002
 1	 137   PCY  HHZ  BB 01   10   3    3200 100     0.939 3.0 0.4 0.015 7.0 0.9961 800000.0      0.00002
 0	 138  PHUB  HHZ  BS 01   10   3     500 100     0.939 3.0 0.4 0.015 5.0 0.9961 2000000.0     0.00002
 1	 139   PNG  HLZ  BH 02   10   3     500 100     0.939 3.0 0.4 0.015 5.0 0.9961 2000000.0     0.00002
 1	 140   PNG  HLZ  ST 01   10   3    5000 100     0.939 3.0 0.4 0.015 8.0 0.9961 800000.0      0.00002
 1	 141   PNG  HHZ  BH 02   10   3     500 100     0.939 3.0 0.4 0.015 5.0 0.9961 2000000.0     0.00002
 0	 142   PNG  HLZ  BH 01   10   3     500 100     0.939 3.0 0.4 0.015 5.0 0.9961 2000000.0     0.00002
 0	 143   PNG  HSZ  ST 01   10   3    1500 100     0.985 3.0 0.4 0.015 7.0 0.9961 800000.0      0.00002
 0	 144  PTSB  HHZ  BB 01   10   3    1500 100     0.939 3.0 0.6 0.015 5.5 0.9961 800000.0      0.00002
 1	 145  RLNB  HHZ  BS 02   10   3     800 100     0.939 3.0 0.4 0.015 6.0 0.9961 800000.0      0.00002
 1	 146  SANB  HHZ  BB 01   10   3   20000 100     0.939 3.0 0.4 0.015 6.0 0.9961 800000.0      0.00002
 1	 147  SANB  HLZ  BB 01   10   3     500 100     0.939 3.0 0.4 0.015 5.0 0.9961 2000000.0     0.00002
 0	 148  SBCB  HHZ  BS 01   10   3     100 100     0.939 3.0 0.9 0.009 6.0 0.9961 800000.0      0.00002
 1	 149   SCL  HLZ  ST 01   10   3    5800 100     0.939 3.0 0.6 0.015 8.0 0.9961 800000.0      0.00002
 1	 150   SCL  HSZ  ST 01   10   3    5000 100     0.985 3.0 0.4 0.030 8.0 0.9961 800000.0      0.00002
 1	 151   SCZ  HLZ  BB 01   10   3     500 100     0.939 3.0 0.4 0.015 5.0 0.9961 2000000.0     0.00002
 1	 152   SCZ  HLZ  ST 01   10   3     300 100     0.939 3.0 0.4 0.015 8.0 0.9961 800000.0      0.00002
 0	 153   SCZ  HHZ  BB 01   10   3   80000 100     0.939 3.0 0.4 0.015 8.0 0.9961 800000.0      0.00002
 1	 154   SCZ  HLZ  BB 01   10   3     500 100     0.939 3.0 0.4 0.015 5.0 0.9961 2000000.0     0.00002
 1	 155   SCZ  HSZ  ST 01   10   3     300 100     0.835 3.0 0.6 0.015 8.0 0.9961 800000.0      0.00002
 1	 156   SEB  HSZ  ST 01   10   3    1000 100     0.985 3.0 0.4 0.015 9.0 0.9961 800000.0      0.00002
 0	 157   SEB  HLZ  ST 01   10   3     10 100     0.839 3.0 0.8 0.005 4.5 0.9961 800000.0       0.00002
 1	 158   SGL  HSZ  ST 01   10   3    1200 100     0.939 3.0 0.4 0.015 5.0 0.9961 2000000.0     0.00002
 0	 159   SGL  HLZ  ST 01   10   3     100 100     0.939 3.0 0.6 0.020 5.5 0.9961 800000.0      0.00002
 1	 160   SGS  HLZ  ST 01   10   3     300 100     0.939 3.0 0.4 0.015 8.0 0.9961 800000.0      0.00002
 0	 161   SGS  HHZ  BB 01   10   3     480 100     0.939 3.0 0.4 0.015 5.0 0.9961 800000.0      0.00002
 0	 162   SGS  HSZ  ST 01   10   3    1000 100     0.935 3.0 0.4 0.015 8.0 0.9961 800000.0      0.00002
 1	 163  SLBB  HLZ  BB 01   10   3     500 100     0.939 3.0 0.4 0.015 5.0 0.9961 2000000.0     0.00002
 0	 164  SLBB  HHZ  BB 01   10   3    3000 100     0.939 3.0 0.4 0.015 8.0 0.9961 800000.0      0.00002
 0	 165   SLG  HLZ  BH 01   10   3     500 100     0.939 3.0 0.4 0.015 5.0 0.9961 2000000.0     0.00002
 0	 166   SLG  HLZ  BH 02   10   3     100 100     0.639 3.0 0.9 0.005 4.5 0.9961 2000000.0     0.00002
 1	 167   SLG  HHZ  BH 02   10   3     200 100     0.659 3.0 0.8 0.003 4.0 0.9961 2000000.0     0.00002
 1	 168   SML  HSZ  ST 01   10   3     100 100     0.985 3.0 0.4 0.015 8.0 0.9961 800000.0      0.00002
 1	 169   SML  HLZ  ST 01   10   3    1200 100     0.939 3.0 0.4 0.015 8.0 0.9961 800000.0      0.00002
 0	 170   SNJ  HHZ  BH 02   10   3     500 100     0.939 3.0 0.4 0.015 5.0 0.9961 2000000.0     0.00002
 0	 171   SNJ  HLZ  BH 02   10   3     500 100     0.939 3.0 0.4 0.015 5.0 0.9961 2000000.0     0.00002
 0	 172   SNJ  HLZ  BH 01   10   3     500 100     0.939 3.0 0.4 0.015 5.0 0.9961 2000000.0     0.00002
 1	 173   SNS  HLZ  BH 02   10   3     500 100     0.939 3.0 0.4 0.015 5.0 0.9961 2000000.0     0.00002
 0	 174   SNS  HHZ  BH 02   10   3     500 100     0.939 3.0 0.4 0.015 5.0 0.9961 2000000.0     0.00002
 1	 175   SNS  HLZ  BH 01   10   3     500 100     0.939 3.0 0.4 0.015 5.0 0.9961 2000000.0     0.00002
 1	 176   SSD  HSZ  ST 01   10   3    2000 100     0.985 3.0 0.4 0.015 15.0 0.9961 800000.0     0.00002
 1	 177   SSD  HLZ  ST 01   10   3     500 100     0.639 3.0 0.8 0.010 6.0 0.9961 800000.0      0.00002
 1	 178  SSLB  HHZ  BS 01   10   3    1200 100     0.959 3.0 0.6 0.010 8.5 0.9961 800000.0      0.00002
 0	 179   SSP  HLZ  BH 02   10   3     500 100     0.939 3.0 0.4 0.015 5.0 0.9961 2000000.0     0.00002
 0	 180   SSP  HLZ  BH 01   10   3     500 100     0.939 3.0 0.4 0.015 5.0 0.9961 2000000.0     0.00002
 0	 181   SSP  HHZ  BH 02   10   3     900 100     0.839 3.0 0.8 0.008 8.0 0.9961 2000000.0     0.00002
 0	 182   STY  HLZ  ST 01   10   3     100 100     0.539 3.0 0.8 0.004 3.5 0.9961 800000.0      0.00002
 0	 183   STY  HSZ  ST 01   10   3     900 100     0.539 3.0 0.8 0.015 8.0 0.9961 800000.0      0.00002
 1	 184  TAI1  HHZ  BB 01   10   3     220 100     0.939 3.0 0.4 0.015 8.0 0.9961 800000.0      0.00002
 1	 185  TAI1  HLZ  ST 01   10   3   50000 100     0.939 3.0 0.4 0.015 10.0 0.9961 800000.0     0.00002
 1	 186  TAI1  HHZ  BB 02   10   3     100 100     0.939 3.0 0.8 0.015 7.0 0.9961 2000000.0     0.00002
 1	 187  TAI1  HLZ  BB 02   10   3     500 100     0.939 3.0 0.4 0.015 5.0 0.9961 2000000.0     0.00002
 0	 188   TAP  HLZ  ST 01   10   3     200 100     0.939 3.0 0.4 0.015 5.0 0.9961 2000000.0     0.00002
 0	 189   TAP  HHZ  BB 01   10   3     500 100     0.939 3.0 0.4 0.015 5.0 0.9961 2000000.0     0.00002
 1	 190   TAP  HSZ  ST 01   10   3   35000 100     0.985 3.0 0.4 0.015 10.0 0.9961 800000.0     0.00002
 0	 191  TAP1  HSZ  ST 02   10   3    1000 100     0.939 3.0 0.4 0.015 5.0 0.9961 2000000.0     0.00002
 1	 192   TAW  HLZ  ST 01   10   3    1200 100     0.939 3.0 0.4 0.015 9.0 0.9961 800000.0      0.00002
 0	 193   TAW  HSZ  ST 01   10   3    4500 100     0.835 3.0 0.8 0.015 7.5 0.9961 800000.0      0.00002
 1	 194   TCU  HLZ  ST 01   10   3    1200 100     0.939 3.0 0.4 0.015 9.0 0.9961 800000.0      0.00002
 0	 195   TCU  HSZ  ST 02   10   3     300 100     0.939 3.0 0.4 0.015 6.0 0.9961 2000000.0     0.00002
 1	 196  TDCB  HHZ  BS 01   10   3    2000 100     0.939 3.0 0.8 0.015 9.0 0.9961 800000.0      0.00002
 1	 197  TIPB  HHZ  BB 01   10   3     300 100     0.639 3.0 0.8 0.010 5.5 0.9961 800000.0      0.00002
 0	 198  TIPB  HLZ  BB 01   10   3     500 100     0.939 3.0 0.4 0.015 5.0 0.9961 2000000.0     0.00002
 1	 199  TPUB  HHZ  BS 01   10   3    2000 100     0.939 3.0 0.6 0.010 9.0 0.9961 800000.0      0.00002
 1	 200   TTN  HSZ  ST 01   10   3    1000 100     0.985 3.0 0.4 0.015 9.0 0.9961 800000.0      0.00002
 1	 201   TTN  HLZ  ST 01   10   3     500 100     0.939 3.0 0.4 0.015 8.0 0.9961 800000.0      0.00002
 0	 202   TTN  HLZ  BH 02   10   3      50 100     0.939 3.0 0.4 0.015 6.0 0.9961 800000.0      0.00002
 0	 203   TTN  HHZ  BH 02   10   3    1000 100     0.939 3.0 0.4 0.015 8.0 0.9961 2000000.0     0.00002
 0	 204   TWA  HSZ  ST 01   10   3    1000 100     0.985 3.0 0.4 0.015 7.0 0.9961 800000.0      0.00002
 0	 205   TWA  HLZ  ST 01   10   3   30000 100     0.939 3.0 0.4 0.015 12.0 0.9961 800000.0     0.00002
 1	 206  TWB1  HLZ  ST 01   10   3    2000 100     0.939 3.0 0.6 0.015 8.0 0.9961 800000.0      0.00002
 0	 207  TWB1  HSZ  ST 01   10   3     300 100     0.985 3.0 0.5 0.015 6.0 0.9961 800000.0      0.00002
 1	 208  TWB1  HHZ  BB 01   10   3     200 100     0.939 3.0 0.4 0.015 7.0 0.9961 800000.0      0.00002
 1	 209   TWC  HSZ  ST 01   10   3     200 100     0.985 3.0 0.4 0.015 8.0 0.9961 800000.0      0.00002
 1	 210   TWC  HLZ  ST 01   10   3     100 100     0.939 3.0 0.8 0.005 6.0 0.9961 800000.0      0.00002
 1	 211   TWD  HLZ  ST 01   10   3     500 100     0.535 3.0 0.8 0.005 6.5 0.9961 800000.0      0.00002
 0	 212   TWD  HSZ  ST 01   10   3     100 100     0.535 3.0 0.8 0.004 7.0 0.9961 800000.0      0.00002
 1	 213   TWE  HSZ  ST 01   10   3     100 100     0.535 3.0 0.8 0.005 5.0 0.9961 800000.0      0.00002
 0	 214   TWE  HLZ  ST 01   10   3     200 100     0.939 3.0 0.8 0.010 6.0 0.9961 800000.0      0.00002
 1	 215  TWF1  HSZ  ST 01   10   3     100 100     0.835 3.0 0.6 0.010 6.0 0.9961 800000.0      0.00002
 1	 216  TWF1  HLZ  ST 01   10   3    1000 100     0.985 3.0 0.4 0.020 5.0 0.9961 800000.0      0.00002
 1	 217   TWG  HLZ  ST 01   10   3     100 100     0.839 3.0 0.4 0.015 7.0 0.9961 800000.0      0.00002
 1	 218   TWG  HSZ  ST 01   10   3     500 100     0.935 3.0 0.8 0.010 7.0 0.9961 800000.0      0.00002
 1	 219  TWGB  HHZ  BS 01   10   3    2000 100     0.939 3.0 0.4 0.015 12.0 0.9961 800000.0     0.00002
 1	 220   TWH  HHZ  BB 01   10   3     500 100     0.939 3.0 0.4 0.015 5.0 0.9961 2000000.0     0.00002
 1	 221   TWH  HLZ  BB 01   10   3     500 100     0.939 3.0 0.4 0.015 5.0 0.9961 2000000.0     0.00002
 1	 222  TWK1  HLZ  ST 01   10   3     100 100     0.639 3.0 0.8 0.010 5.0 0.9961 800000.0      0.00002
 1	 223  TWK1  HSZ  ST 01   10   3     600 100     0.739 3.0 0.8 0.015 6.0 0.9961 800000.0      0.00002
 1	 224  TWKB  HHZ  BS 01   10   3     150 100     0.769 3.0 0.7 0.015 8.0 0.9961 800000.0      0.00002
 0	 225   TWL  HLZ  ST 01   10   3     200 100     0.939 3.0 0.4 0.015 5.0 0.9961 2000000.0     0.00002
 1	 226   TWL  HSZ  ST 01   10   3     100 100     0.739 3.0 0.8 0.005 5.5 0.9961 800000.0      0.00002
 1	 227  TWM1  HSZ  ST 01   10   3     500 100     0.985 3.0 0.4 0.015 5.0 0.9961 800000.0      0.00002
 0	 228  TWM1  HHZ  BB 01   10   3     800 100     0.939 3.0 0.4 0.015 8.0 0.9961 800000.0      0.00002
 0	 229  TWM1  HLZ  ST 01   10   3     100 100     0.639 3.0 0.8 0.008 5.0 0.9961 800000.0      0.00002
 1	 230  TWQ1  HLZ  ST 01   10   3     100 100     0.939 3.0 0.8 0.010 5.0 0.9961 2000000.0     0.00002
 1	 231  TWQ1  HSZ  ST 01   10   3     100 100     0.985 3.0 0.4 0.015 7.0 0.9961 800000.0      0.00002
 0	 232  TWS1  HSZ  ST 01   10   3     500 100     0.985 3.0 0.8 0.015 7.0 0.9961 800000.0      0.00002
 1	 233  TWS1  HLZ  ST 01   10   3     100 100     0.939 3.0 0.6 0.010 7.0 0.9961 800000.0       0.00002
 1	 234   TWT  HSZ  ST 01   10   3     200 100     0.985 3.0 0.4 0.015 7.0 0.9961 800000.0     0.00002
 1	 235   TWT  HLZ  ST 01   10   3     150 100     0.939 3.0 0.4 0.015 7.0 0.9961 800000.0      0.00002
 0	 236   TWY  HLZ  ST 01   10   3     500 100     0.939 3.0 0.4 0.015 6.0 0.9961 800000.0      0.00002
 0	 237   TWY  HSZ  ST 01   10   3    1200 100     0.985 3.0 0.4 0.015 5.0 0.9961 800000.0      0.00002
 1	 238   TYC  HLZ  ST 01   10   3     100 100     0.739 3.0 0.8 0.005 6.0 0.9961 800000.0      0.00002
 0	 239   TYC  HSZ  ST 01   10   3     200 100     0.535 3.0 0.9 0.005 4.0 0.9961 800000.0      0.00002
 0	 240  VCHM  HHZ  BS 01   10   3     500 100     0.939 3.0 0.4 0.015 5.0 0.9961 2000000.0     0.00002
 0	 241  VDOS  HHZ  BS 01   10   3    3800 100     0.939 3.0 0.4 0.015 10.0 0.9961 800000.0     0.00002
 0	 242  VNAS  HHZ  BS 01   10   3     500 100     0.939 3.0 0.4 0.015 5.0 0.9961 2000000.0     0.00002
 0	 243  VWDT  HHZ  BS 01   10   3     200 100     0.939 3.0 0.7 0.025 8.0 0.9961 800000.0      0.00002
 0	 244  VWUC  HHZ  BS 01   10   3     800 100     0.939 3.0 0.4 0.015 6.0 0.9961 800000.0      0.00002
 1	 245  WCHH  HLZ  BH 01   10   3     100 100     0.939 3.0 0.6 0.010 5.0 0.9961 2000000.0     0.00002
 0	 246  WCHH  HLZ  BH 02   10   3     500 100     0.909 3.0 0.8 0.008 5.0 0.9961 2000000.0     0.00002
 1	 247  WCHH  HHZ  BH 02   10   3    3500 100     0.939 3.0 0.4 0.015 8.0 0.9961 800000.0      0.00002
 1	 248   WDG  HSZ  ST 01   10   3    2000 100     0.935 3.0 0.4 0.015 12.0 0.9961 800000.0     0.00002
 1	 249   WDG  HLZ  ST 01   10   3    5000 100     0.939 3.0 0.4 0.015 10.0 0.9961 800000.0     0.00002
 1	 250   WDJ  HHZ  BH 02   10   3    1500 100     0.789 3.0 0.4 0.015 6.5 0.9961 2000000.0     0.00002
 1	 251   WDJ  HLZ  BH 02   10   3     300 100     0.939 3.0 0.4 0.015 6.0 0.9961 2000000.0     0.00002
 1	 252   WDJ  HLZ  BH 01   10   3     300 100     0.939 3.0 0.5 0.015 5.0 0.9961 2000000.0     0.00002
 1	 253  WDLH  HHZ  BH 02   10   3    6200 100     0.939 3.0 0.4 0.015 8.0 0.9961 800000.0      0.00002
 1	 254  WDLH  HLZ  BH 02   10   3     500 100     0.939 3.0 0.4 0.015 5.0 0.9961 2000000.0     0.00002
 0	 255  WDLH  HLZ  BH 01   10   3     500 100     0.939 3.0 0.4 0.015 5.0 0.9961 2000000.0     0.00002
 0	 256  WFSB  HHZ  BS 01   10   3    4500 100     0.935 3.0 0.4 0.020 9.5 0.9961 800000.0      0.00002
 0	 257   WGK  HLZ  ST 01   10   3   15000 100     0.939 3.0 0.4 0.015 6.0 0.9961 800000.0      0.00002
 1	 258   WGK  HSZ  ST 01   10   3    4500 100     0.985 3.0 0.4 0.015 12.0 0.9961 800000.0     0.00002
 0	 259   WGK  HHZ  BB 01   10   3    5000 100     0.939 3.0 0.4 0.015 10.0 0.9961 800000.0     0.00002
 0	 260   WHF  HLZ  ST 01   10   3     100 100     0.739 3.0 0.8 0.004 4.0 0.9961 800000.0      0.00002
 1	 261   WHF  HSZ  ST 01   10   3     600 100     0.835 3.0 0.9 0.008 5.0 0.9961 800000.0      0.00002
 1	 262   WHP  HHZ  BH 02   10   3     100 100     0.939 3.0 0.4 0.015 6.0 0.9961 2000000.0     0.00002
 1	 263   WHP  HLZ  BH 01   10   3     100 100     0.939 3.0 0.6 0.015 6.0 0.9961 2000000.0     0.00002
 1	 264   WHP  HLZ  BH 02   10   3     100 100     0.939 3.0 0.4 0.015 6.0 0.9961 2000000.0     0.00002
 0	 265   WHY  HHZ  BH 02   10   3      10 100     0.939 3.0 0.9 0.005 5.0 0.9961 2000000.0     0.00002
 0	 266   WHY  HLZ  BH 01   10   3      50 100     0.939 3.0 0.6 0.015 5.0 0.9961 2000000.0     0.00002
 0	 267   WHY  HLZ  BH 02   10   3       1 100     0.939 3.0 0.9 0.004 5.0 0.9961 2000000.0     0.00002
 1	 268   WJS  HHZ  BH 02   10   3     500 100     0.539 3.0 0.8 0.010 7.0 0.9961 800000.0      0.00002
 0	 269   WJS  HLZ  BH 02   10   3     100 100     0.939 3.0 0.4 0.015 8.0 0.9961 800000.0      0.00002
 1	 270   WJS  HLZ  BH 01   10   3     500 100     0.939 3.0 0.4 0.015 5.0 0.9961 2000000.0     0.00002
 0	 271   WLC  HSZ  ST 01   10   3     900 100     0.939 3.0 0.4 0.015 12.0 0.9961 800000.0     0.00002
 1	 272   WLC  HHZ  BB 01   10   3     900 100     0.839 3.0 0.8 0.015 7.0 0.9961 800000.0      0.00002
 0	 273   WLC  HLZ  ST 01   10   3   34000 100     0.939 3.0 0.4 0.015 10.0 0.9961 800000.0     0.00002
 0	 274  WLCH  HLZ  BH 02   10   3     100 100     0.839 3.0 0.8 0.010 5.0 0.9961 2000000.0     0.00002
 0	 275  WLCH  HLZ  BH 01   10   3     100 100     0.839 3.0 0.8 0.010 5.0 0.9961 2000000.0     0.00002
 1	 276  WLCH  HHZ  BH 02   10   3     100 100     0.739 3.0 0.8 0.010 5.5 0.9961 2000000.0     0.00002
 1	 277  WLGB  HHZ  BB 01   10   3    2000 100     0.939 3.0 0.4 0.015 10.0 0.9961 800000.0     0.00002
 0	 278  WLTB  HHZ  BB 01   10   3    7500 100     0.939 3.0 0.4 0.015 10.0 0.9961 800000.0     0.00002
 1	 279  WLTB  HLZ  BB 01   10   3     500 100     0.939 3.0 0.4 0.015 5.0 0.9961 2000000.0     0.00002
 1	 280   WML  HLZ  ST 01   10   3     600 100     0.939 3.0 0.4 0.015 10.0 0.9961 2000000.0    0.00002
 1	 281   WNT  HLZ  ST 01   10   3    7000 100     0.639 3.0 0.8 0.005 5.0 0.9961 2000000.0     0.00002
 1	 282   WNT  HSZ  ST 01   10   3    3000 100     0.939 3.0 0.4 0.015 7.0 0.9961 2000000.0     0.00002
 1	 283   WSF  HSZ  ST 01   10   3    7000 100     0.985 3.0 0.4 0.015 9.0 0.9961 800000.0      0.00002
 1	 284   WSF  HLZ  ST 01   10   3    7500 100     0.939 3.0 0.4 0.015 9.0 0.9961 800000.0      0.00002
 1	 285  WSSB  HHZ  BB 01   10   3    2000 100     0.939 3.0 0.4 0.015 8.0 0.9961 800000.0      0.00002
 0	 286   WTC  HSZ  ST 01   10   3    2000 100     0.939 3.0 0.4 0.015 5.0 0.9961 2000000.0     0.00002
 1	 287   WTC  HLZ  ST 01   10   3   32000 100     0.939 3.0 0.4 0.015 6.0 0.9961 800000.0      0.00002
 1	 288   WTP  HSZ  ST 01   10   3     500 100     0.985 3.0 0.4 0.015 12.0 0.9961 800000.0     0.00002
 1	 289   WTP  HLZ  ST 01   10   3   55000 100     0.939 3.0 0.9 0.015 5.0 0.9961 800000.0      0.00002
 1	 290  YHNB  HHZ  BS 01   10   3    1500 100     0.939 3.0 0.4 0.015 8.0 0.9961 800000.0      0.00002
 0	 291  YM01  HHZ  YS 01   10   3     500 100     0.939 3.0 0.4 0.020 8.0 0.9961 2000000.0     0.00002
 1	 292  YM03  HHZ  YS 01   10   3     500 100     0.939 3.0 0.4 0.020 8.0 0.9961 800000.0      0.00002
 0	 293  YM04  HHZ  YS 01   10   3     500 100     0.939 3.0 0.4 0.015 5.0 0.9961 2000000.0     0.00002
 1	 294  YM05  HHZ  YS 01   10   3     500 100     0.939 3.0 0.4 0.020 8.0 0.9961 800000.0      0.00002
 1	 295  YM06  HHZ  YS 01   10   3     100 100     0.939 3.0 0.4 0.015 7.0 0.9961 800000.0      0.00002
 0	 296  YM07  HHZ  YS 01   10   3     600 100     0.939 3.0 0.4 0.015 7.0 0.9961 2000000.0     0.00002
 0	 297  YM08  HHZ  YS 01   10   3     100 100     0.939 3.0 0.4 0.015 7.0 0.9961 800000.0      0.00002
 1	 298  YM09  HHZ  YS 01   10   3     100 100     0.939 3.0 0.4 0.015 7.0 0.9961 800000.0      0.00002
 0	 299  YM10  HHZ  YS 01   10   3   21000 100     0.939 3.0 0.4 0.015 7.0 0.9961 800000.0      0.00002
 0	 300  YM11  HHZ  YS 01   10   3     100 100     0.939 3.0 0.4 0.015 7.0 0.9961 800000.0      0.00002
 1	 301   YOJ  HHZ  JN 01   10   3     300 100     0.565 3.0 0.6 0.020 7.5 0.9961 800000.0      0.00002
 1	 302  YULB  HHZ  BS 01   10   3     600 100     0.885 3.0 0.6 0.015 7.0 0.9961 800000.0      0.00002
 0	 303   YUS  HLZ  ST 01   10   3    2000 100     0.939 3.0 0.4 0.015 5.0 0.9961 2000000.0     0.00002
 0	 304   YUS  HSZ  ST 01   10   3    1500 100     0.985 3.0 0.8 0.010 6.0 0.9961 800000.0      0.00002
